#rho      theta    alpha    beta     theta    phi      shift    

+23,707  ,-2,053   ,+0,243   ,-0,464   ,+0,00000 ,-0,52360 ,+20,000  
+23,259  ,-2,015   ,+0,225   ,-0,473   ,+0,00000 ,-0,52360 ,+21,000  
+22,847  ,-1,976   ,+0,206   ,-0,481   ,+0,00000 ,-0,52360 ,+22,000  
+22,472  ,-1,935   ,+0,186   ,-0,489   ,+0,00000 ,-0,52360 ,+23,000  
+22,136  ,-1,893   ,+0,166   ,-0,497   ,+0,00000 ,-0,52360 ,+24,000  
+21,840  ,-1,849   ,+0,144   ,-0,503   ,+0,00000 ,-0,52360 ,+25,000  
+21,587  ,-1,805   ,+0,121   ,-0,509   ,+0,00000 ,-0,52360 ,+26,000  
+21,378  ,-1,759   ,+0,098   ,-0,514   ,+0,00000 ,-0,52360 ,+27,000  
+21,213  ,-1,713   ,+0,074   ,-0,518   ,+0,00000 ,-0,52360 ,+28,000  
+21,320  ,-1,744   ,-0,181   ,+1,031   ,+0,00000 ,+1,04720 ,+0,000   
+21,170  ,-1,698   ,-0,133   ,+1,039   ,+0,00000 ,+1,04720 ,+1,000   
+21,067  ,-1,651   ,-0,083   ,+1,044   ,+0,00000 ,+1,04720 ,+2,000   
+21,011  ,-1,603   ,-0,034   ,+1,047   ,+0,00000 ,+1,04720 ,+3,000   
+21,002  ,-1,556   ,+0,016   ,+1,047   ,+0,00000 ,+1,04720 ,+4,000   
+21,041  ,-1,508   ,+0,066   ,+1,045   ,+0,00000 ,+1,04720 ,+5,000   
+21,128  ,-1,461   ,+0,115   ,+1,041   ,+0,00000 ,+1,04720 ,+6,000   
+21,261  ,-1,414   ,+0,164   ,+1,034   ,+0,00000 ,+1,04720 ,+7,000   
+21,440  ,-1,368   ,+0,211   ,+1,026   ,+0,00000 ,+1,04720 ,+8,000   
+21,664  ,-1,323   ,+0,257   ,+1,015   ,+0,00000 ,+1,04720 ,+9,000   
+21,931  ,-1,278   ,+0,302   ,+1,003   ,+0,00000 ,+1,04720 ,+10,000  
+22,239  ,-1,235   ,+0,345   ,+0,989   ,+0,00000 ,+1,04720 ,+11,000  
+22,588  ,-1,194   ,+0,386   ,+0,974   ,+0,00000 ,+1,04720 ,+12,000  
+22,975  ,-1,153   ,+0,425   ,+0,957   ,+0,00000 ,+1,04720 ,+13,000  
+23,399  ,-1,114   ,+0,462   ,+0,940   ,+0,00000 ,+1,04720 ,+14,000  
+23,857  ,-1,076   ,+0,497   ,+0,922   ,+0,00000 ,+1,04720 ,+15,000  
+23,526  ,-2,108   ,+0,306   ,-0,425   ,+0,08727 ,-0,52360 ,+19,000  
+22,956  ,-2,072   ,+0,291   ,-0,435   ,+0,08727 ,-0,52360 ,+20,000  
+22,416  ,-2,035   ,+0,274   ,-0,446   ,+0,08727 ,-0,52360 ,+21,000  
+21,909  ,-1,996   ,+0,257   ,-0,456   ,+0,08727 ,-0,52360 ,+22,000  
+21,436  ,-1,956   ,+0,238   ,-0,466   ,+0,08727 ,-0,52360 ,+23,000  
+21,000  ,-1,913   ,+0,218   ,-0,476   ,+0,08727 ,-0,52360 ,+24,000  
+20,603  ,-1,869   ,+0,197   ,-0,485   ,+0,08727 ,-0,52360 ,+25,000  
+20,248  ,-1,823   ,+0,175   ,-0,494   ,+0,08727 ,-0,52360 ,+26,000  
+19,937  ,-1,776   ,+0,151   ,-0,501   ,+0,08727 ,-0,52360 ,+27,000  
+19,672  ,-1,727   ,+0,126   ,-0,508   ,+0,08727 ,-0,52360 ,+28,000  
+19,847  ,-1,761   ,-0,286   ,+1,007   ,+0,08727 ,+1,04720 ,+0,000   
+19,597  ,-1,712   ,-0,237   ,+1,020   ,+0,08727 ,+1,04720 ,+1,000   
+19,395  ,-1,661   ,-0,185   ,+1,031   ,+0,08727 ,+1,04720 ,+2,000   
+19,244  ,-1,610   ,-0,132   ,+1,039   ,+0,08727 ,+1,04720 ,+3,000   
+19,143  ,-1,558   ,-0,078   ,+1,044   ,+0,08727 ,+1,04720 ,+4,000   
+19,095  ,-1,506   ,-0,024   ,+1,047   ,+0,08727 ,+1,04720 ,+5,000   
+19,098  ,-1,454   ,+0,031   ,+1,047   ,+0,08727 ,+1,04720 ,+6,000   
+19,154  ,-1,401   ,+0,086   ,+1,044   ,+0,08727 ,+1,04720 ,+7,000   
+19,262  ,-1,350   ,+0,140   ,+1,038   ,+0,08727 ,+1,04720 ,+8,000   
+19,421  ,-1,299   ,+0,193   ,+1,029   ,+0,08727 ,+1,04720 ,+9,000   
+19,629  ,-1,249   ,+0,244   ,+1,018   ,+0,08727 ,+1,04720 ,+10,000  
+19,886  ,-1,200   ,+0,293   ,+1,005   ,+0,08727 ,+1,04720 ,+11,000  
+20,189  ,-1,152   ,+0,341   ,+0,990   ,+0,08727 ,+1,04720 ,+12,000  
+20,536  ,-1,106   ,+0,386   ,+0,973   ,+0,08727 ,+1,04720 ,+13,000  
+20,925  ,-1,062   ,+0,429   ,+0,955   ,+0,08727 ,+1,04720 ,+14,000  
+21,354  ,-1,019   ,+0,469   ,+0,936   ,+0,08727 ,+1,04720 ,+15,000  
+21,821  ,-0,978   ,+0,507   ,+0,916   ,+0,08727 ,+1,04720 ,+16,000  
+22,322  ,-0,939   ,+0,543   ,+0,896   ,+0,08727 ,+1,04720 ,+17,000  
+22,857  ,-0,901   ,+0,576   ,+0,875   ,+0,08727 ,+1,04720 ,+18,000  
+23,422  ,-0,866   ,+0,607   ,+0,854   ,+0,08727 ,+1,04720 ,+19,000  
+23,596  ,-2,160   ,+0,362   ,-0,378   ,+0,17453 ,-0,52360 ,+18,000  
+22,915  ,-2,129   ,+0,350   ,-0,389   ,+0,17453 ,-0,52360 ,+19,000  
+22,259  ,-2,096   ,+0,337   ,-0,401   ,+0,17453 ,-0,52360 ,+20,000  
+21,629  ,-2,060   ,+0,323   ,-0,412   ,+0,17453 ,-0,52360 ,+21,000  
+21,027  ,-2,023   ,+0,307   ,-0,424   ,+0,17453 ,-0,52360 ,+22,000  
+20,457  ,-1,983   ,+0,290   ,-0,436   ,+0,17453 ,-0,52360 ,+23,000  
+19,921  ,-1,941   ,+0,271   ,-0,448   ,+0,17453 ,-0,52360 ,+24,000  
+19,421  ,-1,897   ,+0,251   ,-0,459   ,+0,17453 ,-0,52360 ,+25,000  
+18,961  ,-1,851   ,+0,230   ,-0,470   ,+0,17453 ,-0,52360 ,+26,000  
+18,544  ,-1,803   ,+0,207   ,-0,481   ,+0,17453 ,-0,52360 ,+27,000  
+18,172  ,-1,752   ,+0,182   ,-0,491   ,+0,17453 ,-0,52360 ,+28,000  
+18,419  ,-1,787   ,-0,398   ,+0,968   ,+0,17453 ,+1,04720 ,+0,000   
+18,063  ,-1,735   ,-0,348   ,+0,988   ,+0,17453 ,+1,04720 ,+1,000   
+18,058  ,-1,058   ,+0,348   ,+0,988   ,+0,17453 ,+1,04720 ,+13,000  
+18,414  ,-1,007   ,+0,398   ,+0,969   ,+0,17453 ,+1,04720 ,+14,000  
+18,816  ,-0,958   ,+0,445   ,+0,948   ,+0,17453 ,+1,04720 ,+15,000  
+19,262  ,-0,911   ,+0,489   ,+0,926   ,+0,17453 ,+1,04720 ,+16,000  
+19,749  ,-0,866   ,+0,530   ,+0,903   ,+0,17453 ,+1,04720 ,+17,000  
+20,273  ,-0,823   ,+0,568   ,+0,880   ,+0,17453 ,+1,04720 ,+18,000  
+20,833  ,-0,783   ,+0,603   ,+0,856   ,+0,17453 ,+1,04720 ,+19,000  
+21,424  ,-0,745   ,+0,635   ,+0,833   ,+0,17453 ,+1,04720 ,+20,000  
+22,045  ,-0,709   ,+0,665   ,+0,809   ,+0,17453 ,+1,04720 ,+21,000  
+22,693  ,-0,675   ,+0,692   ,+0,786   ,+0,17453 ,+1,04720 ,+22,000  
+23,365  ,-0,642   ,+0,717   ,+0,763   ,+0,17453 ,+1,04720 ,+23,000  
+23,894  ,-2,209   ,+0,410   ,-0,325   ,+0,26180 ,-0,52360 ,+17,000  
+23,119  ,-2,182   ,+0,401   ,-0,336   ,+0,26180 ,-0,52360 ,+18,000  
+22,362  ,-2,154   ,+0,391   ,-0,348   ,+0,26180 ,-0,52360 ,+19,000  
+21,624  ,-2,123   ,+0,381   ,-0,360   ,+0,26180 ,-0,52360 ,+20,000  
+20,909  ,-2,090   ,+0,369   ,-0,372   ,+0,26180 ,-0,52360 ,+21,000  
+20,217  ,-2,055   ,+0,355   ,-0,385   ,+0,26180 ,-0,52360 ,+22,000  
+19,552  ,-2,017   ,+0,341   ,-0,398   ,+0,26180 ,-0,52360 ,+23,000  
+18,917  ,-1,977   ,+0,324   ,-0,411   ,+0,26180 ,-0,52360 ,+24,000  
+18,314  ,-1,934   ,+0,306   ,-0,425   ,+0,26180 ,-0,52360 ,+25,000  
+18,245  ,-0,689   ,+0,608   ,+0,852   ,+0,26180 ,+1,04720 ,+19,000  
+18,844  ,-0,646   ,+0,645   ,+0,825   ,+0,26180 ,+1,04720 ,+20,000  
+19,475  ,-0,605   ,+0,678   ,+0,798   ,+0,26180 ,+1,04720 ,+21,000  
+20,137  ,-0,567   ,+0,707   ,+0,772   ,+0,26180 ,+1,04720 ,+22,000  
+20,825  ,-0,532   ,+0,734   ,+0,747   ,+0,26180 ,+1,04720 ,+23,000  
+21,538  ,-0,499   ,+0,759   ,+0,722   ,+0,26180 ,+1,04720 ,+24,000  
+22,273  ,-0,468   ,+0,781   ,+0,698   ,+0,26180 ,+1,04720 ,+25,000  
+23,028  ,-0,439   ,+0,800   ,+0,675   ,+0,26180 ,+1,04720 ,+26,000  
+23,801  ,-0,412   ,+0,818   ,+0,653   ,+0,26180 ,+1,04720 ,+27,000  
+23,541  ,-2,230   ,+0,443   ,-0,279   ,+0,34907 ,-0,52360 ,+17,000  
+22,701  ,-2,207   ,+0,436   ,-0,289   ,+0,34907 ,-0,52360 ,+18,000  
+21,875  ,-2,181   ,+0,429   ,-0,300   ,+0,34907 ,-0,52360 ,+19,000  
+21,064  ,-2,154   ,+0,420   ,-0,312   ,+0,34907 ,-0,52360 ,+20,000  
+20,269  ,-2,125   ,+0,411   ,-0,324   ,+0,34907 ,-0,52360 ,+21,000  
+19,494  ,-2,093   ,+0,401   ,-0,337   ,+0,34907 ,-0,52360 ,+22,000  
+18,740  ,-2,059   ,+0,389   ,-0,351   ,+0,34907 ,-0,52360 ,+23,000  
+18,010  ,-2,021   ,+0,376   ,-0,365   ,+0,34907 ,-0,52360 ,+24,000  
+18,363  ,-0,403   ,+0,764   ,+0,716   ,+0,34907 ,+1,04720 ,+23,000  
+19,106  ,-0,368   ,+0,790   ,+0,688   ,+0,34907 ,+1,04720 ,+24,000  
+19,870  ,-0,335   ,+0,812   ,+0,661   ,+0,34907 ,+1,04720 ,+25,000  
+20,655  ,-0,304   ,+0,832   ,+0,636   ,+0,34907 ,+1,04720 ,+26,000  
+21,458  ,-0,276   ,+0,849   ,+0,613   ,+0,34907 ,+1,04720 ,+27,000  
+22,277  ,-0,249   ,+0,865   ,+0,590   ,+0,34907 ,+1,04720 ,+28,000  
+23,244  ,-2,253   ,+0,471   ,-0,229   ,+0,43633 ,-0,52360 ,+17,000  
+22,349  ,-2,233   ,+0,466   ,-0,238   ,+0,43633 ,-0,52360 ,+18,000  
+21,463  ,-2,212   ,+0,461   ,-0,248   ,+0,43633 ,-0,52360 ,+19,000  
+20,588  ,-2,189   ,+0,455   ,-0,258   ,+0,43633 ,-0,52360 ,+20,000  
+19,724  ,-2,164   ,+0,449   ,-0,270   ,+0,43633 ,-0,52360 ,+21,000  
+18,874  ,-2,137   ,+0,441   ,-0,282   ,+0,43633 ,-0,52360 ,+22,000  
+18,039  ,-2,107   ,+0,433   ,-0,295   ,+0,43633 ,-0,52360 ,+23,000  
+18,459  ,-0,146   ,+0,874   ,+0,576   ,+0,43633 ,+1,04720 ,+26,000  
+19,302  ,-0,118   ,+0,890   ,+0,551   ,+0,43633 ,+1,04720 ,+27,000  
+20,159  ,-0,092   ,+0,905   ,+0,528   ,+0,43633 ,+1,04720 ,+28,000  
+23,953  ,-2,291   ,+0,496   ,-0,168   ,+0,52360 ,-0,52360 ,+16,000  
+23,008  ,-2,277   ,+0,494   ,-0,175   ,+0,52360 ,-0,52360 ,+17,000  
+22,068  ,-2,262   ,+0,491   ,-0,182   ,+0,52360 ,-0,52360 ,+18,000  
+21,134  ,-2,246   ,+0,488   ,-0,190   ,+0,52360 ,-0,52360 ,+19,000  
+20,206  ,-2,228   ,+0,484   ,-0,199   ,+0,52360 ,-0,52360 ,+20,000  
+19,285  ,-2,208   ,+0,480   ,-0,209   ,+0,52360 ,-0,52360 ,+21,000  
+18,372  ,-2,186   ,+0,476   ,-0,219   ,+0,52360 ,-0,52360 ,+22,000  
+18,324  ,+0,091   ,+0,951   ,+0,439   ,+0,52360 ,+1,04720 ,+28,000  
+23,812  ,-2,312   ,+0,511   ,-0,113   ,+0,61087 ,-0,52360 ,+16,000  
+22,837  ,-2,303   ,+0,510   ,-0,118   ,+0,61087 ,-0,52360 ,+17,000  
+21,864  ,-2,293   ,+0,509   ,-0,124   ,+0,61087 ,-0,52360 ,+18,000  
+20,894  ,-2,281   ,+0,507   ,-0,129   ,+0,61087 ,-0,52360 ,+19,000  
+19,926  ,-2,269   ,+0,506   ,-0,136   ,+0,61087 ,-0,52360 ,+20,000  
+18,962  ,-2,255   ,+0,504   ,-0,142   ,+0,61087 ,-0,52360 ,+21,000  
+18,002  ,-2,240   ,+0,502   ,-0,150   ,+0,61087 ,-0,52360 ,+22,000  
+23,727  ,-2,334   ,+0,520   ,-0,057   ,+0,69813 ,-0,52360 ,+16,000  
+22,733  ,-2,329   ,+0,520   ,-0,060   ,+0,69813 ,-0,52360 ,+17,000  
+21,740  ,-2,324   ,+0,520   ,-0,062   ,+0,69813 ,-0,52360 ,+18,000  
+20,748  ,-2,318   ,+0,520   ,-0,065   ,+0,69813 ,-0,52360 ,+19,000  
+19,756  ,-2,312   ,+0,519   ,-0,069   ,+0,69813 ,-0,52360 ,+20,000  
+18,765  ,-2,305   ,+0,519   ,-0,072   ,+0,69813 ,-0,52360 ,+21,000  
+23,698  ,-2,356   ,+0,524   ,-0,000   ,+0,78540 ,-0,52360 ,+16,000  
+22,698  ,-2,356   ,+0,524   ,-0,000   ,+0,78540 ,-0,52360 ,+17,000  
+21,698  ,-2,356   ,+0,524   ,-0,000   ,+0,78540 ,-0,52360 ,+18,000  
+20,698  ,-2,356   ,+0,524   ,-0,000   ,+0,78540 ,-0,52360 ,+19,000  
+19,698  ,-2,356   ,+0,524   ,-0,000   ,+0,78540 ,-0,52360 ,+20,000  
+18,698  ,-2,356   ,+0,524   ,-0,000   ,+0,78540 ,-0,52360 ,+21,000  
+23,727  ,-2,378   ,+0,520   ,+0,057   ,+0,87266 ,-0,52360 ,+16,000  
+22,733  ,-2,383   ,+0,520   ,+0,060   ,+0,87266 ,-0,52360 ,+17,000  
+21,740  ,-2,388   ,+0,520   ,+0,062   ,+0,87266 ,-0,52360 ,+18,000  
+20,748  ,-2,394   ,+0,520   ,+0,065   ,+0,87266 ,-0,52360 ,+19,000  
+19,756  ,-2,400   ,+0,519   ,+0,069   ,+0,87266 ,-0,52360 ,+20,000  
+18,765  ,-2,407   ,+0,519   ,+0,072   ,+0,87266 ,-0,52360 ,+21,000  
+23,812  ,-2,400   ,+0,511   ,+0,113   ,+0,95993 ,-0,52360 ,+16,000  
+22,837  ,-2,409   ,+0,510   ,+0,118   ,+0,95993 ,-0,52360 ,+17,000  
+21,864  ,-2,420   ,+0,509   ,+0,124   ,+0,95993 ,-0,52360 ,+18,000  
+20,894  ,-2,431   ,+0,507   ,+0,129   ,+0,95993 ,-0,52360 ,+19,000  
+19,926  ,-2,443   ,+0,506   ,+0,136   ,+0,95993 ,-0,52360 ,+20,000  
+18,962  ,-2,457   ,+0,504   ,+0,142   ,+0,95993 ,-0,52360 ,+21,000  
+18,002  ,-2,472   ,+0,502   ,+0,150   ,+0,95993 ,-0,52360 ,+22,000  
+23,953  ,-2,421   ,+0,496   ,+0,168   ,+1,04720 ,-0,52360 ,+16,000  
+23,008  ,-2,435   ,+0,494   ,+0,175   ,+1,04720 ,-0,52360 ,+17,000  
+22,068  ,-2,450   ,+0,491   ,+0,182   ,+1,04720 ,-0,52360 ,+18,000  
+21,134  ,-2,467   ,+0,488   ,+0,190   ,+1,04720 ,-0,52360 ,+19,000  
+20,206  ,-2,485   ,+0,484   ,+0,199   ,+1,04720 ,-0,52360 ,+20,000  
+19,285  ,-2,504   ,+0,480   ,+0,209   ,+1,04720 ,-0,52360 ,+21,000  
+18,372  ,-2,526   ,+0,476   ,+0,219   ,+1,04720 ,-0,52360 ,+22,000  
+18,324  ,+1,480   ,+0,951   ,-0,439   ,+1,04720 ,+1,04720 ,+28,000  
+23,244  ,-2,459   ,+0,471   ,+0,229   ,+1,13446 ,-0,52360 ,+17,000  
+22,349  ,-2,479   ,+0,466   ,+0,238   ,+1,13446 ,-0,52360 ,+18,000  
+21,463  ,-2,500   ,+0,461   ,+0,248   ,+1,13446 ,-0,52360 ,+19,000  
+20,588  ,-2,523   ,+0,455   ,+0,258   ,+1,13446 ,-0,52360 ,+20,000  
+19,724  ,-2,548   ,+0,449   ,+0,270   ,+1,13446 ,-0,52360 ,+21,000  
+18,874  ,-2,575   ,+0,441   ,+0,282   ,+1,13446 ,-0,52360 ,+22,000  
+18,039  ,-2,605   ,+0,433   ,+0,295   ,+1,13446 ,-0,52360 ,+23,000  
+18,459  ,+1,717   ,+0,874   ,-0,576   ,+1,13446 ,+1,04720 ,+26,000  
+19,302  ,+1,689   ,+0,890   ,-0,551   ,+1,13446 ,+1,04720 ,+27,000  
+20,159  ,+1,663   ,+0,905   ,-0,528   ,+1,13446 ,+1,04720 ,+28,000  
+23,541  ,-2,482   ,+0,443   ,+0,279   ,+1,22173 ,-0,52360 ,+17,000  
+22,701  ,-2,506   ,+0,436   ,+0,289   ,+1,22173 ,-0,52360 ,+18,000  
+21,875  ,-2,531   ,+0,429   ,+0,300   ,+1,22173 ,-0,52360 ,+19,000  
+21,064  ,-2,558   ,+0,420   ,+0,312   ,+1,22173 ,-0,52360 ,+20,000  
+20,269  ,-2,588   ,+0,411   ,+0,324   ,+1,22173 ,-0,52360 ,+21,000  
+19,494  ,-2,619   ,+0,401   ,+0,337   ,+1,22173 ,-0,52360 ,+22,000  
+18,740  ,-2,654   ,+0,389   ,+0,351   ,+1,22173 ,-0,52360 ,+23,000  
+18,010  ,-2,691   ,+0,376   ,+0,365   ,+1,22173 ,-0,52360 ,+24,000  
+18,363  ,+1,974   ,+0,764   ,-0,716   ,+1,22173 ,+1,04720 ,+23,000  
+19,106  ,+1,938   ,+0,790   ,-0,688   ,+1,22173 ,+1,04720 ,+24,000  
+19,870  ,+1,905   ,+0,812   ,-0,661   ,+1,22173 ,+1,04720 ,+25,000  
+20,655  ,+1,875   ,+0,832   ,-0,636   ,+1,22173 ,+1,04720 ,+26,000  
+21,458  ,+1,847   ,+0,849   ,-0,613   ,+1,22173 ,+1,04720 ,+27,000  
+22,277  ,+1,820   ,+0,865   ,-0,590   ,+1,22173 ,+1,04720 ,+28,000  
+23,894  ,-2,503   ,+0,410   ,+0,325   ,+1,30900 ,-0,52360 ,+17,000  
+23,119  ,-2,530   ,+0,401   ,+0,336   ,+1,30900 ,-0,52360 ,+18,000  
+22,362  ,-2,559   ,+0,391   ,+0,348   ,+1,30900 ,-0,52360 ,+19,000  
+21,624  ,-2,590   ,+0,381   ,+0,360   ,+1,30900 ,-0,52360 ,+20,000  
+20,909  ,-2,622   ,+0,369   ,+0,372   ,+1,30900 ,-0,52360 ,+21,000  
+20,217  ,-2,658   ,+0,355   ,+0,385   ,+1,30900 ,-0,52360 ,+22,000  
+19,552  ,-2,695   ,+0,341   ,+0,398   ,+1,30900 ,-0,52360 ,+23,000  
+18,917  ,-2,735   ,+0,324   ,+0,411   ,+1,30900 ,-0,52360 ,+24,000  
+18,314  ,-2,778   ,+0,306   ,+0,425   ,+1,30900 ,-0,52360 ,+25,000  
+18,245  ,+2,260   ,+0,608   ,-0,852   ,+1,30900 ,+1,04720 ,+19,000  
+18,844  ,+2,217   ,+0,645   ,-0,825   ,+1,30900 ,+1,04720 ,+20,000  
+19,475  ,+2,176   ,+0,678   ,-0,798   ,+1,30900 ,+1,04720 ,+21,000  
+20,137  ,+2,138   ,+0,707   ,-0,772   ,+1,30900 ,+1,04720 ,+22,000  
+20,825  ,+2,103   ,+0,734   ,-0,747   ,+1,30900 ,+1,04720 ,+23,000  
+21,538  ,+2,070   ,+0,759   ,-0,722   ,+1,30900 ,+1,04720 ,+24,000  
+22,273  ,+2,039   ,+0,781   ,-0,698   ,+1,30900 ,+1,04720 ,+25,000  
+23,028  ,+2,010   ,+0,800   ,-0,675   ,+1,30900 ,+1,04720 ,+26,000  
+23,801  ,+1,983   ,+0,818   ,-0,653   ,+1,30900 ,+1,04720 ,+27,000  
+23,596  ,-2,552   ,+0,362   ,+0,378   ,+1,39626 ,-0,52360 ,+18,000  
+22,915  ,-2,583   ,+0,350   ,+0,389   ,+1,39626 ,-0,52360 ,+19,000  
+22,259  ,-2,617   ,+0,337   ,+0,401   ,+1,39626 ,-0,52360 ,+20,000  
+21,629  ,-2,652   ,+0,323   ,+0,412   ,+1,39626 ,-0,52360 ,+21,000  
+21,027  ,-2,690   ,+0,307   ,+0,424   ,+1,39626 ,-0,52360 ,+22,000  
+20,457  ,-2,729   ,+0,290   ,+0,436   ,+1,39626 ,-0,52360 ,+23,000  
+19,921  ,-2,771   ,+0,271   ,+0,448   ,+1,39626 ,-0,52360 ,+24,000  
+19,421  ,-2,815   ,+0,251   ,+0,459   ,+1,39626 ,-0,52360 ,+25,000  
+18,961  ,-2,861   ,+0,230   ,+0,470   ,+1,39626 ,-0,52360 ,+26,000  
+18,544  ,-2,910   ,+0,207   ,+0,481   ,+1,39626 ,-0,52360 ,+27,000  
+18,172  ,-2,960   ,+0,182   ,+0,491   ,+1,39626 ,-0,52360 ,+28,000  
+18,419  ,-2,926   ,-0,398   ,-0,968   ,+1,39626 ,+1,04720 ,+0,000   
+18,063  ,-2,977   ,-0,348   ,-0,988   ,+1,39626 ,+1,04720 ,+1,000   
+18,058  ,+2,629   ,+0,348   ,-0,988   ,+1,39626 ,+1,04720 ,+13,000  
+18,414  ,+2,578   ,+0,398   ,-0,969   ,+1,39626 ,+1,04720 ,+14,000  
+18,816  ,+2,528   ,+0,445   ,-0,948   ,+1,39626 ,+1,04720 ,+15,000  
+19,262  ,+2,481   ,+0,489   ,-0,926   ,+1,39626 ,+1,04720 ,+16,000  
+19,749  ,+2,437   ,+0,530   ,-0,903   ,+1,39626 ,+1,04720 ,+17,000  
+20,273  ,+2,394   ,+0,568   ,-0,880   ,+1,39626 ,+1,04720 ,+18,000  
+20,833  ,+2,354   ,+0,603   ,-0,856   ,+1,39626 ,+1,04720 ,+19,000  
+21,424  ,+2,315   ,+0,635   ,-0,833   ,+1,39626 ,+1,04720 ,+20,000  
+22,045  ,+2,279   ,+0,665   ,-0,809   ,+1,39626 ,+1,04720 ,+21,000  
+22,693  ,+2,245   ,+0,692   ,-0,786   ,+1,39626 ,+1,04720 ,+22,000  
+23,365  ,+2,213   ,+0,717   ,-0,763   ,+1,39626 ,+1,04720 ,+23,000  
+23,526  ,-2,605   ,+0,306   ,+0,425   ,+1,48353 ,-0,52360 ,+19,000  
+22,956  ,-2,640   ,+0,291   ,+0,435   ,+1,48353 ,-0,52360 ,+20,000  
+22,416  ,-2,677   ,+0,274   ,+0,446   ,+1,48353 ,-0,52360 ,+21,000  
+21,909  ,-2,716   ,+0,257   ,+0,456   ,+1,48353 ,-0,52360 ,+22,000  
+21,436  ,-2,757   ,+0,238   ,+0,466   ,+1,48353 ,-0,52360 ,+23,000  
+21,000  ,-2,799   ,+0,218   ,+0,476   ,+1,48353 ,-0,52360 ,+24,000  
+20,603  ,-2,843   ,+0,197   ,+0,485   ,+1,48353 ,-0,52360 ,+25,000  
+20,248  ,-2,889   ,+0,175   ,+0,494   ,+1,48353 ,-0,52360 ,+26,000  
+19,937  ,-2,936   ,+0,151   ,+0,501   ,+1,48353 ,-0,52360 ,+27,000  
+19,672  ,-2,985   ,+0,126   ,+0,508   ,+1,48353 ,-0,52360 ,+28,000  
+19,847  ,-2,952   ,-0,286   ,-1,007   ,+1,48353 ,+1,04720 ,+0,000   
+19,597  ,-3,001   ,-0,237   ,-1,020   ,+1,48353 ,+1,04720 ,+1,000   
+19,395  ,-3,051   ,-0,185   ,-1,031   ,+1,48353 ,+1,04720 ,+2,000   
+19,244  ,-3,102   ,-0,132   ,-1,039   ,+1,48353 ,+1,04720 ,+3,000   
+19,143  ,+3,129   ,-0,078   ,-1,044   ,+1,48353 ,+1,04720 ,+4,000   
+19,095  ,+3,077   ,-0,024   ,-1,047   ,+1,48353 ,+1,04720 ,+5,000   
+19,098  ,+3,024   ,+0,031   ,-1,047   ,+1,48353 ,+1,04720 ,+6,000   
+19,154  ,+2,972   ,+0,086   ,-1,044   ,+1,48353 ,+1,04720 ,+7,000   
+19,262  ,+2,920   ,+0,140   ,-1,038   ,+1,48353 ,+1,04720 ,+8,000   
+19,421  ,+2,869   ,+0,193   ,-1,029   ,+1,48353 ,+1,04720 ,+9,000   
+19,629  ,+2,819   ,+0,244   ,-1,018   ,+1,48353 ,+1,04720 ,+10,000  
+19,886  ,+2,770   ,+0,293   ,-1,005   ,+1,48353 ,+1,04720 ,+11,000  
+20,189  ,+2,723   ,+0,341   ,-0,990   ,+1,48353 ,+1,04720 ,+12,000  
+20,536  ,+2,677   ,+0,386   ,-0,973   ,+1,48353 ,+1,04720 ,+13,000  
+20,925  ,+2,632   ,+0,429   ,-0,955   ,+1,48353 ,+1,04720 ,+14,000  
+21,354  ,+2,590   ,+0,469   ,-0,936   ,+1,48353 ,+1,04720 ,+15,000  
+21,821  ,+2,549   ,+0,507   ,-0,916   ,+1,48353 ,+1,04720 ,+16,000  
+22,322  ,+2,509   ,+0,543   ,-0,896   ,+1,48353 ,+1,04720 ,+17,000  
+22,857  ,+2,472   ,+0,576   ,-0,875   ,+1,48353 ,+1,04720 ,+18,000  
+23,422  ,+2,436   ,+0,607   ,-0,854   ,+1,48353 ,+1,04720 ,+19,000  
+23,707  ,-2,659   ,+0,243   ,+0,464   ,+1,57080 ,-0,52360 ,+20,000  
+23,259  ,-2,697   ,+0,225   ,+0,473   ,+1,57080 ,-0,52360 ,+21,000  
+22,847  ,-2,737   ,+0,206   ,+0,481   ,+1,57080 ,-0,52360 ,+22,000  
+22,472  ,-2,778   ,+0,186   ,+0,489   ,+1,57080 ,-0,52360 ,+23,000  
+22,136  ,-2,820   ,+0,166   ,+0,497   ,+1,57080 ,-0,52360 ,+24,000  
+21,840  ,-2,863   ,+0,144   ,+0,503   ,+1,57080 ,-0,52360 ,+25,000  
+21,587  ,-2,908   ,+0,121   ,+0,509   ,+1,57080 ,-0,52360 ,+26,000  
+21,378  ,-2,953   ,+0,098   ,+0,514   ,+1,57080 ,-0,52360 ,+27,000  
+21,213  ,-3,000   ,+0,074   ,+0,518   ,+1,57080 ,-0,52360 ,+28,000  
+21,320  ,-2,968   ,-0,181   ,-1,031   ,+1,57080 ,+1,04720 ,+0,000   
+21,170  ,-3,015   ,-0,133   ,-1,039   ,+1,57080 ,+1,04720 ,+1,000   
+21,067  ,-3,062   ,-0,083   ,-1,044   ,+1,57080 ,+1,04720 ,+2,000   
+21,011  ,-3,109   ,-0,034   ,-1,047   ,+1,57080 ,+1,04720 ,+3,000   
+21,002  ,+3,126   ,+0,016   ,-1,047   ,+1,57080 ,+1,04720 ,+4,000   
+21,041  ,+3,079   ,+0,066   ,-1,045   ,+1,57080 ,+1,04720 ,+5,000   
+21,128  ,+3,032   ,+0,115   ,-1,041   ,+1,57080 ,+1,04720 ,+6,000   
+21,261  ,+2,985   ,+0,164   ,-1,034   ,+1,57080 ,+1,04720 ,+7,000   
+21,440  ,+2,939   ,+0,211   ,-1,026   ,+1,57080 ,+1,04720 ,+8,000   
+21,664  ,+2,893   ,+0,257   ,-1,015   ,+1,57080 ,+1,04720 ,+9,000   
+21,931  ,+2,849   ,+0,302   ,-1,003   ,+1,57080 ,+1,04720 ,+10,000  
+22,239  ,+2,806   ,+0,345   ,-0,989   ,+1,57080 ,+1,04720 ,+11,000  
+22,588  ,+2,764   ,+0,386   ,-0,974   ,+1,57080 ,+1,04720 ,+12,000  
+22,975  ,+2,724   ,+0,425   ,-0,957   ,+1,57080 ,+1,04720 ,+13,000  
+23,399  ,+2,685   ,+0,462   ,-0,940   ,+1,57080 ,+1,04720 ,+14,000  
+23,857  ,+2,647   ,+0,497   ,-0,922   ,+1,57080 ,+1,04720 ,+15,000  
